image: my_map1.pgm
resolution: 0.01 # 300 pixels == 3 meter (300*.01=3)
origin: [0, 0, 0] #[-15.400000, -13.800000, 0.000000]
negate: 0
occupied_thresh: 0.65
free_thresh: 0.196 

